11112222111122221111222211112222
11112222111122221111222211112222
22221111222211112222111122221111
22221111222211112222111122221111
11112222111122221111222211112222
11112222111122221111222211112222
11112222111122221111222211112222
22221111222211112222111122221111
11112222111122221111222211112222
11112222111122221111222211112222
11112222111122221111222211112222
11112222111122221111222211112222
22221111222211112222111122221111
11112222111122221111222211112222
11112222111122221111222211112222
11112222111122221111222211112222
11112222111122221111222211112222
22221111222211112222111122221111
11112222111122221111222211112222
11112222111122221111222211112222
11112222111122221111222211112222
11112222111122221111222211112222
22221111222211112222111122221111
11112222111122221111222211112222
11112222111122221111222211112222
11112222111122221111222211112222
11112222111122221111222211112222
22221111222211112222111122221111
11112222111122221111222211112222
11112222111122221111222211112222
11112222111122221111222211112222
11112222111122221111222211112222
